32
0 12
2
12 29
17 5
4
42 11
5 11
7
43 56
28 41
11
17 23
31 31
3
49 35
45 10
5
29 36
36 37
14
45 48
55 16
10
5 28
27 46
9
32 36
19 10
12
19 29
32 48
1
3 59
29 5
6
40 51
57 53
1 7
10
30 12
58 33
14
60 52
58 6
2
7 18
52 39
15
17 33
25 16
11
14 57
40 35
9
7 53
28 45
7
41 24
4 46
2 12
2
17 44
24 38
1
40 55
25 34
11
48 23
5 12
8
45 19
11 33
6
47 3
30 13
10
33 6
53 9
4
38 14
5 57
7
49 31
23 58
13
32 39
2 16
14
50 16
38 19
9
35 32
39 34
12
53 51
15 31
3 11
13
48 60
10 33
6
21 20
59 48
3
38 55
32 22
10
13 58
19 26
7
45 52
20 39
2
17 32
40 14
12
2 50
12 39
1
15 14
21 7
9
26 49
21 12
8
48 30
40 29
15
7 24
9 40
4 4
12
3 54
51 12
6
39 20
8 9
8
44 18
24 60
15
24 48
22 6
5 13
12
20 46
48 42
7
6 48
15 10
13
18 30
31 40
9
55 14
53 35
2
27 53
12 52
4
24 37
8 58
1
51 31
10 46
10
17 27
29 2
15
45 15
36 41
5
39 21
44 45
14
33 27
22 22
8
43 10
5 24
3
5 4
35 55
6 9
9
16 34
17 46
1
44 12
50 44
14
11 12
42 17
5
36 2
3 61
3
13 51
25 26
6
29 42
59 12
15
49 40
33 12
7
23 8
58 42
2
13 57
45 46
7 12
11
41 34
25 41
6
33 32
37 43
7
25 21
6 27
8
33 16
38 10
5
60 52
48 6
1
30 24
39 60
15
20 12
5 46
10
25 54
15 38
3
53 16
56 28
14
37 47
40 5
4
6 57
20 47
2
56 51
17 31
8 7
12
45 8
25 19
14
20 12
55 8
3
15 33
10 19
9
43 54
39 38
13
37 36
47 20
7
7 48
27 38
10
46 16
39 28
9 13
15
22 38
9 24
1
37 27
36 52
7
12 9
26 53
8
54 11
40 8
13
19 49
26 58
10
31 33
54 43
11
13 52
32 17
5
57 48
61 36
12
39 6
42 2
9
7 45
16 47
6
58 23
39 40
3
27 28
59 60
2
57 19
39 3
10 1
3
20 19
47 51
11 4
6
36 6
19 47
5
5 28
31 34
13
27 4
35 50
11
48 25
11 20
12 9
5
26 28
59 23
2
45 42
26 4
3
45 14
15 49
13
49 50
29 39
8
48 24
11 51
9
16 56
11 33
1
59 11
12 11
6
30 21
26 15
4
29 49
26 46
13 2
1
33 15
5 31
9
17 43
43 39
14 9
7
25 50
20 15
5
4 8
13 57
15
49 24
6 32
2
45 50
7 50
3
49 32
31 28
13
55 50
55 34
1
30 19
54 57
6
10 46
34 39
14
51 5
24 6
15 1
9
46 15
3 39
16 13
3
5 7
10 24
1
40 29
37 37
10
41 3
61 28
13
29 53
2 28
11
21 22
52 11
7
57 12
46 23
12
57 44
54 55
6
25 43
52 25
9
56 3
41 10
8
39 34
38 46
4
57 33
12 18
14
22 5
20 49
5
48 15
33 58
17 7
6
13 52
56 10
13
19 12
47 39
5
16 46
14 41
4
24 48
41 52
14
23 26
38 25
1
26 15
4 10
11
22 20
38 18
18 12
3
48 46
11 19
12
56 50
48 11
2
7 10
19 16
9
34 57
37 55
5
28 29
23 61
6
28 16
26 25
1
6 35
14 52
4
23 47
13 61
7
17 58
4 50
15
39 58
12 3
14
32 3
56 44
8
26 13
39 34
19 8
11
12 58
26 35
15
14 33
6 23
14
21 30
43 10
12
50 11
37 15
10
24 13
19 15
6
33 46
5 60
3
14 50
14 3
8
18 44
43 21
20 9
11
8 25
15 41
6
59 56
55 48
15
19 60
39 45
12
51 28
28 14
1
27 16
35 55
10
42 18
32 46
14
5 57
30 28
13
23 16
15 15
9
45 28
25 29
21 3
11
17 26
47 34
2
20 3
15 18
3
10 17
50 52
22 5
8
47 59
38 17
14
18 58
12 28
6
2 60
18 12
5
5 25
55 46
11
23 31
35 2
23 13
10
22 46
12 59
2
20 54
56 17
14
26 22
30 29
11
49 20
24 16
3
41 12
51 13
5
48 28
3 35
12
13 19
6 10
15
40 17
51 32
8
48 7
13 8
6
37 21
54 10
4
32 24
59 31
13
52 29
33 53
1
8 12
16 61
24 12
14
61 9
33 6
11
15 4
16 42
13
35 23
53 33
6
45 45
43 30
9
49 60
8 42
5
10 19
20 48
3
34 29
10 58
1
40 4
39 5
7
28 14
27 9
2
47 16
39 46
4
57 39
6 32
8
53 38
25 32
25 11
1
41 5
22 26
5
57 5
51 57
6
8 9
37 47
12
2 39
23 44
3
54 42
15 56
8
43 46
39 24
11
32 48
34 37
13
41 50
60 43
14
47 30
50 22
2
19 54
7 3
15
30 20
39 13
26 11
7
44 11
11 29
8
60 34
51 41
15
10 51
41 46
3
17 55
41 20
1
44 34
25 6
6
59 43
6 14
9
58 38
52 19
4
48 47
4 54
5
9 34
27 28
14
17 4
18 11
12
36 25
53 9
27 9
15
54 50
59 42
2
34 10
38 14
1
35 47
32 26
9
2 26
26 38
3
40 11
7 40
14
40 54
25 47
10
50 45
16 33
12
7 2
16 60
8
45 40
23 20
28 12
3
23 21
48 28
10
58 35
31 19
1
47 19
20 7
5
30 38
6 24
2
30 47
57 24
15
15 25
41 25
14
48 35
30 23
11
51 49
56 57
9
45 47
15 49
6
45 10
12 40
12
41 52
18 34
13
3 12
6 53
29 12
15
36 14
27 11
2
27 37
11 11
14
46 14
59 28
5
54 56
51 43
11
32 13
40 37
13
25 26
19 30
3
50 47
8 48
8
37 3
36 31
6
58 36
10 57
10
58 61
47 54
9
11 28
28 40
4
24 59
23 17
30 3
15
17 57
32 56
1
56 39
14 56
11
23 48
35 3
31 1
6
33 60
35 20
