32
0 13
9
18 44
11 39
3
21 42
54 29
7
56 23
46 59
8
12 21
46 35
2
25 29
17 30
15
45 29
49 28
10
31 18
32 50
5
19 49
32 54
13
25 20
8 57
6
30 39
41 28
1
51 5
52 33
11
45 8
16 55
12
53 19
16 20
1 3
6
13 38
15 53
15
40 7
49 39
1
61 13
54 33
2 14
13
44 45
54 60
5
52 40
38 52
9
36 58
16 26
3
22 30
47 42
2
6 4
8 24
7
44 30
26 31
8
59 29
46 57
11
18 44
17 57
12
33 11
36 26
15
23 22
5 49
10
22 49
12 18
1
35 14
20 20
14
27 49
56 23
4
10 61
56 19
3 5
14
38 26
52 41
7
51 32
31 31
10
27 4
33 55
4
48 42
41 8
15
15 41
37 2
4 9
2
35 32
45 28
15
17 55
7 26
7
6 8
40 48
6
4 21
17 22
8
55 33
49 44
4
33 49
29 51
9
50 51
52 25
12
15 52
45 42
10
3 36
40 13
5 7
13
7 54
28 41
4
60 32
40 22
1
9 47
18 25
11
47 11
10 39
7
29 43
58 58
14
27 50
23 20
8
2 2
7 14
6 13
6
29 58
34 19
7
40 4
46 25
11
19 35
5 54
5
46 36
59 19
2
54 58
56 45
1
49 9
31 26
3
18 58
32 47
15
13 6
15 32
12
33 37
38 42
9
24 56
12 27
14
50 40
58 54
4
5 26
48 59
13
46 18
4 19
7 15
5
37 58
21 16
12
35 57
47 49
14
26 34
38 33
10
57 13
40 29
9
22 24
9 35
11
19 24
37 29
15
30 45
5 5
1
50 57
54 24
2
47 7
22 7
7
46 30
45 43
8
39 53
13 46
13
50 19
36 37
6
59 4
11 15
4
6 45
14 29
3
16 2
22 39
8 14
10
44 47
46 59
8
28 57
32 33
4
32 20
29 36
11
19 14
33 29
3
45 53
56 52
15
20 38
56 40
1
13 3
28 7
5
59 31
61 50
13
10 33
13 58
12
26 13
35 56
9
7 16
48 29
6
40 51
3 48
14
50 40
41 39
7
34 53
6 23
9 1
9
43 32
33 32
10 6
15
57 18
53 11
11
44 53
32 58
12
31 12
5 7
1
36 41
32 32
4
21 17
14 44
10
34 9
20 49
11 2
1
29 54
25 50
15
11 37
22 39
12 10
8
49 52
9 37
10
12 50
48 41
7
14 60
57 58
9
59 58
29 17
1
6 43
21 34
12
31 24
37 43
11
28 41
43 37
15
57 33
56 52
5
44 20
60 13
4
19 8
23 12
13 4
13
10 38
57 8
2
41 22
22 15
1
49 47
5 15
6
56 54
46 37
14 5
2
45 44
34 33
4
30 11
51 49
13
48 58
34 47
15
47 16
16 35
7
52 24
26 59
15 5
6
5 24
57 32
5
56 16
30 19
12
55 39
40 31
8
24 31
15 58
11
13 28
7 39
16 6
13
12 17
39 51
8
50 41
53 18
15
43 12
4 32
4
38 4
54 10
14
46 8
10 30
2
46 30
21 7
17 7
6
55 29
32 24
13
6 37
16 12
1
56 48
21 56
7
50 60
8 7
4
50 42
45 48
5
22 10
52 48
2
39 13
14 3
18 11
7
48 8
29 11
2
37 19
53 12
3
46 32
24 41
10
10 45
56 5
6
27 18
4 16
5
59 54
56 48
12
16 20
10 6
15
29 56
36 54
8
35 15
41 26
9
20 39
16 28
1
22 51
24 58
19 3
15
11 19
24 17
14
31 10
3 41
7
18 36
27 39
20 15
12
38 23
38 34
15
14 27
45 43
5
58 52
25 60
3
49 36
49 35
10
11 30
10 44
14
18 41
14 6
4
2 30
28 34
9
5 14
33 16
2
50 25
48 2
11
12 52
12 19
8
2 25
23 51
13
44 25
43 26
6
10 30
24 14
1
34 43
50 14
7
33 24
19 45
21 4
1
7 6
29 16
10
17 47
59 32
7
18 27
31 53
3
57 47
52 28
22 4
10
45 47
30 50
4
43 45
28 2
12
15 56
26 30
13
11 24
53 49
23 10
15
46 7
27 33
14
49 52
50 28
5
46 41
55 17
2
59 49
45 46
4
15 7
10 43
9
21 4
27 12
3
15 29
45 37
11
47 3
34 9
10
43 58
33 47
1
9 47
30 17
24 1
4
44 44
50 59
25 14
12
46 6
6 22
15
29 54
60 33
13
50 40
30 42
4
40 3
5 32
11
45 60
56 56
5
25 34
37 60
7
8 16
23 27
14
13 25
3 35
8
31 17
12 47
3
20 39
43 57
9
25 14
54 13
6
40 42
34 46
2
18 13
36 17
10
10 24
3 48
26 11
4
28 21
19 48
11
45 8
24 4
10
36 17
45 50
15
58 60
10 39
1
60 54
50 39
14
37 10
42 24
6
27 39
21 43
2
56 29
61 6
9
14 53
3 38
13
22 51
7 10
7
27 56
27 25
27 12
3
16 54
9 57
15
8 25
10 12
11
35 44
59 10
1
37 60
18 57
9
24 11
31 9
8
24 44
16 24
5
13 48
19 37
4
23 14
35 38
14
14 22
43 17
13
39 52
40 21
10
57 22
20 26
12
6 54
40 34
28 4
14
6 33
15 27
5
5 35
13 56
15
52 59
20 21
10
59 29
5 10
29 4
9
7 55
8 32
7
51 12
29 7
14
23 24
59 9
15
30 34
47 53
30 13
14
57 34
39 5
10
15 56
21 47
2
35 42
7 15
7
5 49
10 43
12
28 16
28 45
5
59 58
43 43
4
27 35
43 57
9
26 51
35 52
13
13 43
11 36
11
49 36
54 53
8
46 15
24 30
3
24 53
3 11
6
9 3
38 57
31 15
11
18 58
35 40
13
33 18
35 25
3
7 53
35 12
12
43 57
41 34
1
44 36
31 11
8
26 59
10 42
9
26 49
21 23
4
57 11
14 42
15
26 18
21 49
14
6 22
15 6
10
57 29
48 30
7
11 45
20 13
2
6 36
48 54
6
4 48
9 44
5
51 8
55 40
