1
1
-96 -43 -123 55 -50 50 -5 113 -112 -31 86 113 -97 -61 -67 80 
3 -44 16 0 52 -68 42 -125 -128 -95 99 90 -84 64 89 65 
-34 60 -15 25 -69 -75 -104 38 -52 29 -49 122 38 71 -26 -79 
74 -63 7 -33 74 100 119 -57 45 41 25 78 -107 63 52 47 
-97 90 117 -17 11 77 56 20 -99 -37 3 -110 -62 -54 83 -122 
119 58 -100 38 103 53 -117 -8 83 -121 -114 67 -73 -48 -106 -60 
-85 -41 28 -95 7 33 98 -93 -54 -61 -5 -97 -67 116 -115 53 
83 -26 -42 -67 -44 87 -19 127 -70 99 -54 34 92 28 9 104 
-55 92 -21 24 -9 90 -98 59 29 124 -66 -118 93 108 27 40 
-90 110 -67 -115 -39 -15 37 -62 42 99 -42 -44 -54 74 20 -125 
-61 -111 -20 58 35 31 116 68 92 -81 84 60 -21 -37 -123 -59 
56 121 89 124 -67 43 -68 43 107 50 -71 64 73 -125 64 125 
95 29 38 -16 -46 -103 109 38 80 3 -58 -100 -82 -24 84 118 
-48 -80 -77 115 -54 46 57 33 68 118 123 77 35 -17 19 -66 
102 -87 -95 35 77 -16 16 73 -63 33 27 -111 -16 -68 15 -94 
56 -69 -46 91 70 34 36 11 127 -40 37 -27 -98 -75 23 -82 

-97 -36 102 -71 -35 75 -27 21 119 -80 91 5 -9 126 62 -80 
54 65 -66 26 122 47 6 83 -30 -1 -66 -17 4 -2 -44 -75 
-44 95 124 -100 -56 -46 117 -13 57 89 -114 -33 13 87 106 10 
-109 -22 -128 -102 -82 123 101 96 54 -108 78 82 -101 -15 -47 60 
-53 -39 -21 -78 86 -81 71 73 -48 -60 -67 7 120 111 26 23 
22 96 31 -63 42 49 -52 -102 66 62 -34 -8 -84 -73 -106 -87 
77 -13 -68 -27 -47 7 -28 -128 5 -104 -16 100 -128 -19 -42 63 
-119 72 -93 121 53 119 -64 105 -48 -90 116 -56 126 119 -85 102 
34 85 -10 27 127 5 -46 1 -98 125 45 -32 111 -6 38 -22 
-78 77 21 -87 24 117 -53 53 -90 115 27 -86 91 90 -103 -39 
18 -90 -95 62 -86 -50 -101 51 99 29 126 98 -117 -67 -109 -128 
91 21 124 57 28 85 116 102 -115 78 -40 -122 -119 -120 -25 108 
-27 -114 -58 53 -104 -115 -58 125 30 29 -22 -45 30 95 -92 105 
74 72 -32 16 -122 60 67 100 77 -33 -75 68 81 40 29 -122 
98 -73 107 -24 -111 104 -36 73 -107 40 121 25 110 7 -30 14 
72 -113 73 24 -95 84 -63 -104 -82 -51 -71 -51 -5 98 -61 -114 

83 -58 -101 63 -33 -121 100 -2 -111 -28 52 29 -60 -34 -45 -43 
28 -110 -64 56 -76 -59 117 104 120 -63 -20 7 -49 96 98 -18 
126 102 91 34 -55 19 -26 3 -38 -7 34 -57 103 12 1 39 
-112 -8 76 88 6 -73 -24 61 114 98 87 -37 21 71 -127 13 
-85 61 -75 121 -106 52 -21 -62 56 16 76 0 -95 -72 -12 109 
106 105 -10 96 -32 81 -96 -128 102 89 1 49 20 66 -87 83 
-92 -13 -80 44 -113 17 -6 -94 115 -47 -72 -82 -72 10 50 13 
115 -113 -59 57 -118 -69 39 -105 26 77 -13 -14 21 118 97 40 
48 49 84 35 -4 -45 -101 11 82 -29 112 -70 -11 43 69 113 
115 15 -63 -55 76 30 5 -20 86 -25 51 4 96 14 49 -12 
22 -97 -86 71 37 -95 86 101 -97 -17 124 13 -96 67 -75 -1 
50 -108 -14 -7 110 -94 -64 -27 -28 -49 -53 81 61 48 -95 31 
31 -28 -71 126 81 -92 -76 25 32 -100 -30 -114 1 121 8 33 
119 -60 97 -78 55 110 -30 -20 -117 -84 -62 -64 -12 5 58 17 
19 -88 -118 -79 -55 4 60 -115 -98 -109 -84 36 95 -10 -56 62 
11 71 21 -38 -15 -85 -13 104 18 38 33 56 -52 -76 -125 51 

-70 -107 35 -55 -42 -24 119 42 -32 123 -30 -71 4 -30 124 -67 
-73 -58 22 90 -30 -128 121 -63 66 -26 -17 -93 14 101 5 -21 
-37 81 -114 -84 -66 120 -21 88 -80 -3 -118 52 54 100 -83 8 
65 -23 109 27 82 22 -2 94 -29 -108 52 -24 3 66 70 -94 
64 -124 -45 68 -55 -34 34 -128 -44 -63 -82 124 62 -92 -30 -122 
113 87 33 4 -117 -108 9 -87 -67 -40 -7 -17 -16 112 -48 -63 
-81 -41 -8 119 65 63 -92 8 21 110 85 123 100 -53 -93 -97 
17 -71 58 -4 -44 35 35 9 -105 88 69 -96 32 26 43 -82 
-15 -15 7 47 108 -58 -9 90 59 -84 -120 24 -17 1 121 -69 
-25 -74 -63 -19 116 -21 -46 -26 58 -65 32 -29 -38 102 -35 -45 
-50 124 7 83 -108 -104 -91 -36 14 37 78 59 41 109 -22 66 
-67 -9 -67 -66 -76 19 -95 -87 111 -77 -110 -96 101 124 112 -105 
13 29 1 -53 -1 -32 54 -8 86 126 -81 -52 88 56 -128 -100 
89 35 54 87 -36 -60 21 -72 -4 -36 -92 -65 10 -123 108 97 
120 126 -4 127 -11 -60 48 21 -38 98 -77 -76 -59 -119 -61 50 
-125 -29 52 -96 52 37 -72 124 -87 -28 93 40 17 -87 87 -101 

-43 71 0 87 -64 108 29 -102 99 119 99 -39 -72 -119 58 106 
5 -33 -64 -127 3 95 17 93 64 112 -58 -61 -62 15 -69 -84 
-19 32 22 59 -89 1 -124 -15 -71 101 -58 36 120 96 109 -83 
-90 -66 -31 -30 -109 -103 -88 -60 -121 43 -27 121 100 -32 31 -4 
-120 -81 68 19 -15 -85 -18 -127 -92 -43 -28 125 79 53 -28 100 
45 41 -96 -85 42 -4 6 23 72 -70 -60 48 65 67 12 -13 
110 -97 -108 -57 -25 -111 -30 -78 -20 111 -58 -51 -125 48 40 -11 
99 -57 3 -60 17 -80 -78 -65 73 -56 107 -47 -97 97 9 -7 
102 -106 14 63 -47 -36 -24 -20 88 -38 115 -6 93 123 -64 -54 
16 65 21 21 -112 -36 52 37 83 -5 -32 69 -57 98 -98 118 
57 60 -71 99 -9 -77 -120 -105 -79 -65 -13 -18 37 59 52 73 
-4 62 -37 -122 -18 -88 21 -80 45 -5 45 114 1 109 83 -46 
-81 59 -99 28 -96 63 75 27 -65 -59 79 -113 35 -101 13 -36 
-18 103 95 0 117 61 -36 -57 -95 113 90 66 -107 -86 -79 117 
-112 56 -62 80 21 -88 -72 -31 74 -107 -114 -57 -97 -63 -46 -22 
-81 100 -88 105 107 -61 17 -44 117 5 109 -100 -54 66 63 -57 

-92 -34 49 -24 -97 21 88 79 26 -42 -72 125 -32 -43 11 -37 
8 -36 -66 -85 25 97 61 62 114 94 112 103 -23 93 -123 49 
-77 -46 -15 -51 -124 -82 -79 -50 -10 49 -42 -103 47 0 64 22 
-66 119 -86 -84 -57 64 -25 109 96 37 106 -115 58 34 12 25 
-124 -65 10 -27 12 -99 77 -57 -88 78 -17 2 -44 105 -6 5 
-100 -34 115 86 -67 -120 -105 -55 7 1 100 -11 5 -70 91 -24 
-32 75 -123 26 -127 7 -76 -96 -10 -44 11 -94 23 58 -64 15 
105 -71 33 -113 66 96 -43 -70 46 -101 101 -121 -110 77 -5 7 
-113 30 105 83 41 23 108 -61 -87 108 50 96 63 -104 27 -100 
-20 -81 -67 65 -97 -16 42 -88 -97 -102 117 43 40 2 114 -36 
89 -31 -66 120 78 -14 -1 -106 -119 -67 109 36 -106 -83 -110 20 
-18 105 77 83 29 97 29 -5 32 -89 -100 -55 17 1 74 -47 
6 60 -116 112 54 -61 -11 -125 93 112 -61 -42 98 -95 -83 -32 
55 -113 -36 -83 2 -37 55 27 122 106 -29 73 -109 115 10 77 
93 -42 -36 37 41 -80 -44 -16 -17 44 61 95 -20 -100 -12 102 
-113 -56 111 55 -106 -123 -2 112 117 -118 81 -109 -9 -128 59 -72 

39 88 -75 126 113 -31 38 71 5 -102 -30 -91 124 -59 -16 15 
-66 -68 16 -39 35 -120 -4 99 -40 -80 -17 -112 -123 79 100 121 
44 105 32 99 85 127 114 -17 104 97 -70 -111 90 68 40 67 
-117 20 -58 123 -17 12 -71 90 109 -125 -60 38 -124 9 13 -6 
52 -78 36 -68 28 -78 65 80 -32 42 -51 11 -51 66 36 107 
-64 120 -102 5 67 56 -68 -66 -6 -84 -40 62 62 -43 -65 -94 
7 -37 -55 113 15 -95 26 -46 52 -99 36 -4 30 -25 109 -19 
35 -113 -110 95 103 52 -115 -8 72 -46 51 -63 -7 -36 0 -39 
108 -117 23 107 118 117 -123 -35 46 97 -58 74 -106 90 -118 51 
125 2 -71 113 -93 41 -76 110 31 -98 -34 -107 -2 69 91 7 
45 106 23 -112 -103 85 10 -39 -108 31 -69 -33 123 -60 3 -93 
-107 120 20 36 63 63 -71 -118 70 -72 -32 -92 -107 57 85 -108 
16 33 -48 -55 -65 106 50 46 47 126 12 -95 21 76 97 -89 
53 -102 -83 94 -126 -99 37 -77 -121 -57 65 -44 5 -32 120 -23 
-34 88 74 -1 49 -36 -124 68 -57 39 -64 122 -82 27 43 -90 
35 16 -117 8 -74 108 -128 80 -88 115 9 15 -104 97 75 108 

94 -74 -114 24 56 -46 -119 -124 36 -63 -33 81 -116 88 -23 8 
40 -127 -74 11 33 -45 80 -53 114 102 65 60 -108 -27 86 -122 
90 -28 -93 -2 26 116 -57 84 13 -11 114 13 -8 44 36 52 
12 -106 55 77 11 -5 31 -117 -83 69 -15 67 66 -109 34 -97 
-104 -118 -111 -105 31 -21 -56 29 75 107 127 -104 58 -65 98 -108 
-105 -10 21 -72 -66 11 116 -8 33 -69 31 12 -22 -108 54 32 
-30 79 97 -51 -111 95 20 72 -89 -54 17 -39 -102 56 46 -113 
-111 73 88 51 -127 44 -40 122 -107 110 -43 126 -44 15 26 111 
-2 -37 26 -122 -74 -9 49 59 -26 -69 45 -72 96 -65 13 -115 
-63 57 9 -91 -101 -122 -46 121 -45 6 26 -125 71 45 87 -10 
-76 -41 -60 -84 -40 -36 -87 96 -45 -27 -35 29 -45 126 -119 -10 
-16 108 46 -8 85 64 -22 93 -95 44 -9 2 -115 22 116 28 
-50 -21 104 38 61 54 4 30 53 -15 40 -16 60 -102 41 51 
-26 -118 -46 19 -9 -125 -88 -114 -56 -120 114 -28 -20 -15 -7 72 
18 -66 13 -36 45 44 -56 -36 -45 -122 23 25 -29 62 117 -86 
107 60 -6 -34 -55 118 -107 117 16 -63 -106 15 -83 -26 111 -28 

74 -7 -69 -74 -14 -26 127 4 118 77 -80 -127 16 -112 -10 -60 
71 42 -80 65 18 66 56 120 64 127 104 108 23 31 93 87 
60 67 122 -100 -45 -115 -80 -3 -26 -19 -3 14 11 -72 51 -23 
65 -5 -5 36 28 14 25 0 34 108 -14 -29 116 -63 75 9 
-79 69 83 118 23 73 -28 47 -21 15 6 -87 27 -33 -75 -126 
35 87 -28 111 45 3 -63 118 124 46 59 93 10 -9 -63 98 
112 -89 77 44 7 65 -94 2 77 91 -46 59 -118 45 2 -11 
-77 -24 113 10 -114 73 -73 64 23 109 75 -64 35 -25 72 -54 
67 16 113 -90 -21 -98 114 -34 -45 120 105 -86 -98 -55 -92 -84 
-70 83 -84 -35 -121 7 -125 -56 -69 -46 43 -10 5 -71 103 -87 
-16 40 -58 -51 11 -121 -36 43 71 15 -45 -32 -96 -36 35 13 
-1 67 -99 -47 95 101 -82 116 47 4 -30 -27 -8 -106 -89 103 
64 -104 84 -121 -82 37 105 81 111 -57 24 -61 -41 -115 5 -126 
76 94 75 -52 96 -116 -65 -82 61 -84 120 119 70 -90 -113 108 
-5 8 35 -67 29 -96 -96 -72 19 73 65 61 -115 5 -44 114 
103 76 -66 -73 -48 -92 62 -35 -85 114 -10 -110 53 16 -89 32 

-23 31 60 88 -95 31 10 -56 -3 61 86 53 8 107 23 69 
25 -74 -2 123 -8 -44 -76 104 66 -3 99 32 15 -3 119 -20 
-47 -122 -90 62 -128 -54 45 -22 -12 73 93 -110 -110 -24 87 98 
42 68 20 -2 32 69 -88 -71 -54 -10 -57 8 26 -108 -120 54 
125 -27 105 89 2 -54 -109 -124 -65 24 96 62 113 -92 27 51 
98 -99 7 42 -112 31 -94 55 11 4 42 50 -97 -2 97 103 
-77 -29 -114 -113 113 71 -60 0 39 80 102 32 -19 -58 -21 31 
-119 106 -33 -26 -113 -119 42 74 -51 -48 -107 -122 -27 98 -118 -24 
60 40 27 -54 19 104 71 -60 -12 -102 120 32 80 119 79 -114 
102 82 -92 25 102 -85 -55 90 -41 2 15 -20 54 -23 -116 32 
-32 93 27 -15 50 86 -93 58 -18 -99 -99 38 -32 -34 -48 -24 
-62 -2 95 -83 94 -82 6 -49 -14 65 -95 76 -40 -70 -18 118 
102 42 -109 -20 20 57 99 -56 -36 2 -35 26 -25 36 -11 -106 
101 21 24 -119 -67 -70 106 18 -26 53 82 -114 20 -1 56 84 
-104 54 -115 -93 1 56 12 -40 -120 112 64 -28 -85 112 71 -2 
23 64 -43 -107 -53 -10 124 -119 123 -121 42 -102 50 -35 -13 33 

60 42 16 -2 67 123 40 -47 -72 -112 -49 109 117 -21 77 -119 
-96 39 -96 -71 -46 -117 -60 -99 120 -33 49 88 122 126 -90 68 
27 -83 37 -27 33 43 62 27 53 10 -111 -101 -116 -68 -113 -97 
-57 113 -128 -35 24 -95 -54 -74 -89 -28 112 -79 52 10 -39 39 
-3 104 -45 64 -30 112 -41 30 -57 -123 -113 87 58 13 -107 -87 
85 -57 126 -23 -26 94 23 61 -50 63 -18 -117 -89 -88 20 49 
-86 2 34 -9 -49 113 122 65 53 -87 -49 -118 -59 3 -24 13 
19 -48 -96 -59 -124 -19 50 -104 -74 -104 -77 -48 28 -127 -32 -54 
-23 36 26 -14 48 87 -81 -17 73 31 91 26 118 -56 15 53 
-58 53 -16 90 58 116 -93 49 39 -107 -56 102 -37 -67 -60 90 
-125 118 -60 25 77 73 -1 -115 -55 -113 59 -15 -107 -124 -110 -121 
57 -99 118 -114 80 28 -13 111 -23 -31 52 55 44 -125 73 73 
65 -97 39 85 109 112 -16 -124 126 -96 117 -11 106 94 -6 109 
51 -79 57 74 13 12 -87 -71 -61 34 -1 41 87 -5 -11 0 
-23 72 75 -116 -39 -12 12 60 48 -5 19 16 60 127 -51 78 
123 25 65 119 -69 109 77 121 126 1 50 38 -93 79 83 -27 

67 24 57 -89 -38 -4 -37 29 -89 72 28 41 85 15 -106 -110 
-38 124 -106 -5 -96 102 103 22 -30 37 -44 21 90 -92 -24 97 
25 -72 -8 -113 -74 -80 -28 -112 -86 46 -103 39 -5 53 -38 -96 
24 -126 65 -64 4 32 -128 -8 -73 55 -19 -35 -62 37 62 -35 
49 -49 -112 42 -75 57 -81 -5 3 85 -111 -12 119 25 35 -30 
-3 -44 73 -84 49 -62 31 -121 -59 -34 -122 104 35 -9 -36 -65 
84 6 10 98 33 -65 -60 -57 120 102 12 119 17 -28 -8 -65 
80 26 -74 -87 110 117 -51 43 -44 -61 -91 -99 -57 69 74 112 
74 5 109 30 64 105 -84 93 -46 9 19 -104 16 -66 -30 -97 
-37 -5 -112 -98 2 97 17 76 -85 -115 85 100 -11 53 17 89 
-37 115 -63 70 92 96 -18 35 -40 -27 -84 63 -66 -50 104 -22 
100 32 -32 114 54 -83 115 82 19 -27 -101 -91 -12 -17 -72 -31 
-49 -7 15 -63 -69 -52 18 -125 84 -93 -30 84 97 61 18 9 
-76 49 -82 15 82 -126 123 -91 -44 115 -127 72 13 -100 -57 111 
-19 62 94 121 -91 -44 -96 -28 12 -22 -70 -65 66 50 104 98 
-109 -43 0 92 -98 7 -78 -83 -74 -34 14 54 -120 100 -58 109 

-2 -21 -74 85 100 -96 33 -82 -54 99 62 104 -87 -42 -13 94 
-55 -76 -32 65 97 101 -97 -46 -127 -49 74 85 -83 110 62 66 
-54 -89 31 61 63 89 29 72 84 -74 117 56 -35 81 58 101 
29 119 85 -90 -27 -61 -53 125 -4 -19 62 -114 -61 -29 -73 86 
25 27 -94 25 125 39 26 28 114 -118 103 21 40 -54 -59 -32 
88 -58 103 115 112 74 -68 20 -16 -31 -15 -54 20 -22 -73 17 
-77 -18 70 -47 103 49 -94 -111 -18 -121 29 -24 -48 105 29 53 
66 72 31 -112 75 33 -4 1 37 82 107 -17 -26 -84 -56 -37 
96 -55 20 78 69 -96 60 15 -113 86 -98 -102 30 88 -55 -50 
-93 -90 -124 -26 -66 114 19 -86 99 -23 -75 -26 -126 81 113 28 
-25 84 18 118 95 -101 113 -2 28 -97 -14 17 90 -68 81 17 
67 -120 -97 91 16 98 -121 121 114 78 -42 -104 48 0 59 60 
17 54 74 50 -4 75 -57 -57 94 9 34 55 -52 -64 62 104 
-22 -108 118 -40 -117 27 -30 -44 25 40 -42 -20 56 -31 -84 -93 
-90 24 -60 107 101 -40 -56 -48 29 61 53 -13 -68 -119 23 58 
95 117 20 70 117 -59 -85 37 33 31 -66 -55 -31 29 78 -71 

110 -95 -121 7 -29 105 -4 -126 32 -29 51 44 113 66 100 -17 
107 -47 126 -117 23 -121 107 -45 83 -36 -107 25 116 -36 -87 -25 
48 122 -101 -16 -68 38 -22 69 49 -94 37 -52 52 17 -82 -17 
-42 81 -66 -111 -71 -118 -87 70 117 7 99 -61 57 69 67 -109 
-74 74 8 12 56 56 26 -126 22 34 18 -70 77 30 123 -95 
104 -100 -38 62 -93 -10 -19 -26 79 72 49 -81 120 -127 -90 39 
-58 -70 -42 69 -95 -57 20 -97 -104 12 2 -34 4 -110 86 111 
-24 91 -35 124 28 -14 -64 27 -85 69 6 -59 121 -73 90 9 
41 114 14 -127 61 -6 97 6 127 8 -3 32 -96 -107 -60 -64 
32 53 -52 50 109 -90 -88 77 79 -87 -22 -19 -125 16 -27 -93 
-89 25 -72 -86 86 -6 -120 29 -109 -67 12 104 107 78 79 -3 
-42 -45 -79 72 -33 59 47 -28 4 26 -27 15 -32 -76 -47 91 
7 87 -38 -89 50 -17 17 78 -100 -44 54 -98 -85 -26 126 -116 
-45 -36 -109 -91 -72 -39 -35 72 -110 64 0 19 -42 -54 -90 -101 
19 -42 126 96 25 0 -123 0 97 -12 -124 -86 -87 -123 -39 -42 
-33 -7 123 51 64 -89 57 -31 -63 -59 66 -31 -82 123 -22 -54 

-111 59 -85 -67 85 85 106 -102 -85 -58 -4 116 -83 81 -23 67 
-63 -46 112 -39 -63 -50 -53 24 89 78 -76 97 -80 -18 39 79 
74 49 106 -90 45 23 75 -122 66 -14 -87 -27 -1 117 53 60 
67 14 122 127 -127 118 27 83 33 -122 92 124 35 76 -28 -108 
6 94 -62 3 -24 110 -83 43 -18 31 -112 -29 -26 23 70 39 
43 85 -95 13 -55 -59 -78 -5 -30 18 68 24 81 -68 -86 0 
-116 106 -69 -68 -49 -127 26 -15 119 -11 -69 87 -84 96 -94 109 
66 81 -18 108 -31 -26 23 121 100 -99 116 30 -128 103 0 -5 
-90 -2 93 -71 42 121 25 64 -92 30 49 42 -105 119 -45 119 
80 -88 104 -126 17 -1 -46 51 111 -51 -14 119 -7 116 110 -19 
26 -62 -79 -29 65 125 51 -128 62 63 -6 66 -16 -124 97 -84 
29 2 24 56 -95 57 108 -109 -53 74 -56 9 4 12 124 62 
-79 93 -66 32 91 -74 -18 25 13 3 31 -119 -2 -79 -46 115 
112 8 4 119 -40 -69 108 0 63 -67 -2 -66 -24 87 -77 87 
51 120 -116 89 -63 76 -43 116 -39 15 -89 -26 11 36 -80 54 
19 97 54 37 0 -82 90 -30 -107 -50 -102 125 -17 124 -102 -98 

104 -70 36 119 -68 102 109 -9 106 14 -102 64 93 5 -126 92 
-52 -74 -74 43 95 57 -65 -96 -109 36 -90 45 95 -92 -70 124 
24 -52 -115 96 -110 44 64 11 -120 -90 0 -127 61 125 -47 77 
100 -81 -118 114 61 -123 33 -92 2 104 41 -72 -127 -10 -103 90 
10 85 -49 -2 -117 -57 -43 25 -6 127 -30 -112 -13 -76 36 112 
-93 -13 -68 -31 -28 -71 11 85 -87 65 44 5 -99 -101 -63 -98 
7 -2 -13 55 -15 95 -76 -121 -119 66 71 85 -57 -47 3 47 
80 43 84 95 -101 -2 2 27 82 88 -74 -4 -5 -70 -70 -78 
-41 111 0 -11 10 27 102 -66 -3 -105 56 -72 1 -4 -10 -15 
53 -2 88 -42 -87 124 -112 94 -61 84 -49 -123 -30 124 10 -4 
66 79 -2 31 32 36 114 39 30 37 -68 -95 -24 95 -122 31 
24 21 -46 45 87 90 60 -122 -59 -33 127 -120 -100 9 59 -26 
16 70 -10 -99 121 -94 96 41 -77 -107 -37 -8 -59 31 58 31 
-62 23 -55 76 -19 -63 -114 -5 32 -98 -49 -19 111 -120 -43 -42 
8 -2 -17 87 93 -68 -71 43 -122 -114 -99 -91 -32 103 -101 90 
-5 -83 70 27 -77 -40 15 38 -100 59 -58 -100 -92 33 94 54 



-13 28 -15 52 22 
-102 3 -105 93 -71 
11 -112 -127 93 48 
56 -118 127 80 -127 
-16 -56 70 109 1 

94 109 126 -126 -2 
96 109 -103 75 4 
31 -21 101 -55 -44 
1 -66 44 -94 -16 
41 -127 34 57 52 

-17 105 -18 -72 -68 
57 22 -82 -54 121 
83 68 98 -29 -62 
49 49 -3 35 69 
-112 74 58 68 9 

-63 116 -12 22 126 
-50 117 43 -72 -13 
-47 -9 -13 -92 -44 
-24 118 93 30 -19 
0 54 118 127 -73 

7 97 -30 97 -49 
-13 -88 -42 87 -26 
120 -75 18 -23 13 
87 72 58 -127 1 
115 119 -52 94 -22 

-78 -120 44 -68 -61 
-9 53 -33 -30 70 
-127 -118 117 19 -54 
-33 38 46 48 -51 
57 -100 46 53 28 

-30 -51 75 64 -128 
23 64 40 -69 -49 
30 -64 -97 95 -13 
-17 69 18 49 111 
82 -125 85 -35 -64 

86 -57 12 -31 37 
1 -97 -96 -67 -12 
-41 11 -117 -89 -87 
14 81 34 20 -127 
29 -118 -79 102 124 

-115 -116 107 -21 1 
50 -73 -114 -57 11 
-30 37 -10 -22 69 
59 53 -29 117 -96 
105 93 10 26 -111 

103 -91 88 -19 80 
49 39 102 113 104 
-23 42 78 -103 66 
-105 -34 -87 20 90 
38 89 -82 -40 13 

-58 64 -51 107 54 
-110 50 99 17 -10 
101 -13 46 124 -124 
-55 80 100 25 88 
-15 -39 -3 44 62 

-36 118 122 98 126 
-93 -4 7 82 26 
-5 26 34 -49 -82 
-49 -31 56 -62 -26 
-31 -82 58 44 70 

23 121 68 -69 -62 
-99 -89 99 -110 15 
-22 18 95 88 64 
-66 -103 55 63 48 
46 -16 -25 -1 -82 

-26 -32 -65 -82 108 
3 118 106 -39 28 
79 -82 -38 -18 -109 
-10 13 120 -44 -44 
-53 119 108 -110 69 

44 38 24 -46 95 
58 17 -121 -92 127 
74 9 -35 -36 90 
-97 0 -1 -120 -117 
27 82 -23 -101 -107 

43 -55 -5 -74 68 
76 77 105 106 85 
-5 65 121 -89 -52 
-69 -121 75 -74 -61 
96 49 -12 121 51 


10 8 0
10 4 1
7 15 1
0 4 1
1 8 1
6 13 1
5 4 0
14 12 1
8 13 1
10 5 1
14 1 0
7 3 0
0 8 1
9 7 1
10 2 1
13 5 0



