       1000
          0        3750       20877
          0        2269        9484
          0        1706         607
          0         568       60633
          0        4043       43749
          1        2357       26858
          0        5831       30341
          1        3793          96
          0        4894       24732
          1        1577       51628
          0        5793       39705
          0        5304        3456
          0        6136         719
          0        3018        6533
          1        4770       38279
          0        4517       46795
          0        3819       40409
          0        6380       22530
          1        7258        2233
          1        7353       54123
          0         279        6353
          0        4080       15501
          1        6347       27538
          0        1611       12712
          1        5494        1033
          0        5529       45291
          0        3260       53107
          0        1467       18790
          0        5165       55185
          0        7638       15295
          0        1797        5818
          1        5439       56997
          0        2014       41394
          0        1690       23301
          1        2275       39742
          1        7095       37887
          0        7413        9588
          0         164       52888
          1        3144       17620
          1        1143       27949
          1        7931       26904
          1        1619       53932
          0        2086        4044
          0        1309       16771
          0        5090       46239
          0         118       19029
          1        4806         885
          0        4447        7791
          0        5468          65
          1        6429       55806
          0         530       39061
          1        7383       39422
          0        2081       54006
          0        7269       61939
          0        2537       36850
          1        2779        5464
          0        4425       37105
          1        1868       51416
          0        6252       14540
          1        3141       61247
          1        2452       14880
          1        1150       17967
          1        4178       10080
          0        2888       42643
          1        3777       39085
          0        5929       56534
          0         307       23399
          1        1343       60625
          0        4824       57216
          1        5065       21894
          0        7644       54932
          0        4731       43151
          1        2429       47291
          0        1785       35157
          1        4252       41754
          1        7190       59393
          1        4928       50236
          1        2628        3125
          0        3479       18980
          0        8128       50040
          0        1772       34335
          0        1780       51059
          0         788       47707
          0         402       12254
          0        6360       50489
          1        1765       33849
          0        1998       40547
          0        3036       49467
          1          53       22942
          1        4943       26124
          0        1858        9054
          1        7413       23859
          1        6755       27420
          0         411       21838
          1        3073       12136
          0         780       56710
          1        3129        8126
          0        3635       22974
          0        2050        2073
          0        1527       41614
          0         348       47690
          1        1358       58611
          0        6892       26887
          1        7940        5572
          1        2446       10435
          0        6595        3301
          0        5738        2625
          1        7881        7228
          0        5113         743
          0        2522       46692
          0         126       38612
          0         241       31012
          1        2180       63666
          0        4634       44959
          0        5065        4938
          0        3602        8265
          1        7971       45274
          1        3608       47774
          0        7650       46118
          0        2936       30866
          0        5412        5969
          1        1866       34760
          1        7075        9322
          0        6389       36483
          1         128        7110
          0        4566       41054
          0        4986       15377
          1        7348       14012
          1         300       57380
          1        5983       16638
          0        3511        9877
          1        7432        8311
          1        4201       22289
          1        4058        9249
          0        2783       63851
          1        2107       55309
          1        3604       21105
          0        2138       15517
          0        6137       47746
          1        2654       47474
          1        3060         480
          0        6114       24612
          1         226       54983
          0        4378       53940
          1        5901       57659
          0         566       57795
          0         152        2211
          0        7551       46720
          0        7916        5912
          1        2215        7267
          1        3982       44667
          0         981       16029
          0        6908       17226
          1        2278       60748
          1        4090       37168
          1        6507       15983
          0        3540       48478
          1        2517        7837
          1        6180        6813
          1        4200        9590
          0        1667       17184
          1        5717       49621
          1        6842       64540
          0         410       37324
          0        8168        5911
          1        1557       31310
          0        3357       17664
          1        1096       53930
          0        7673       36612
          0        5221       47037
          0        2993       59676
          0        5119       23267
          0        2331        4711
          1        1284       57523
          0        7212       46907
          1        1123        9064
          0        1901       35066
          1        5872       27934
          1        3562       49062
          0         768       64963
          0        5146       14644
          0        1336       61640
          1        6202       10914
          0        1819       54940
          0        5287        5832
          0        5578        5591
          0        5804       32495
          1        3967       59447
          1        3143       33060
          1        5698       34636
          0         871       22602
          0        3663       56563
          0        3367       29170
          1        1725       52101
          0        3956       36331
          1         725       57805
          0        1983        7066
          0        4775        3771
          1        6415       51464
          1         339       43227
          0        6179       63421
          1        6028       56708
          0        8185       35664
          0        2258       23505
          0        4437       17852
          0        6630       53074
          1        6083       42353
          0        1779       32383
          0        1677       63791
          0        2032        8434
          0        6182        7571
          1        2494       49489
          0        4756        6254
          1        2677       16141
          1        2892       34267
          1        8052       50126
          1        7435       35596
          1         926       16555
          0        6691       49896
          0        1115       50970
          1        7617       22615
          0        7108       20907
          0        5804       16985
          1        7826       20596
          0        7678       21978
          1        7231        3404
          1        1101       41285
          0        2017       48057
          1        6103       17883
          1        6201       51368
          0        7709       49857
          1        1411       48607
          1        4988       26076
          1         887       52531
          0        6969       22110
          0        3584       55162
          1         649       27934
          0        5938       33600
          1        4368       52905
          1        7411       46907
          1        6485       64282
          0        1247       35965
          0        5045       51114
          1        5345       35947
          1        1604       30214
          1        5894       52850
          0        5167       56677
          0        3846       18804
          1        1810       22870
          1          11       27910
          0        7367       62043
          1        6437       54873
          1        7210       62520
          1        5891       46329
          0        2907       58890
          1         345       13114
          0        6641       38935
          0         644       63083
          1        2476       47976
          0        4069       35537
          1        6168       14105
          0        4465       20308
          1         942       12140
          1        3841       13559
          0        7914       29345
          1         462       26122
          0        7130       49030
          0         176       43295
          1        4769        6606
          1        5518        5055
          0        7546        8227
          1         651       24794
          1        7342        6138
          1        5476       65279
          0        3326        9002
          1        8081       43601
          0        4880       54076
          0         401        9782
          1        5704        3713
          0        4090       27342
          1        7586       64230
          0        4279       23080
          0        6399       25224
          0        1798       53556
          0        6506       50695
          0        7336       43128
          1        4827        4252
          0        3788       63618
          1        6632       41450
          1        7475       46626
          0        2041        8598
          1        4618       31317
          0        2154       20630
          1        4345        2560
          1        2347       52297
          0        5109       61795
          0         343       30540
          1        5178       18249
          0        6211       64520
          1        5644       27648
          1        3971       40204
          1        1444       22541
          0        2666       18206
          1        3042       52892
          1        1406       39184
          0        6439       34746
          0        2154       21844
          1        7413        9795
          1        5346       29007
          1        6336       36250
          1        3330       46702
          0        5240       60188
          0         933       43259
          0        4940       34643
          1         307       10414
          1        7974       13035
          1        8041       65284
          0        6489       58214
          1        5780       20304
          0        5906       54159
          0        3787       40083
          1        2036       15280
          0        8093       55564
          0        7543       30084
          0         181       45968
          1         377        8172
          0        1531        5784
          0         647       38498
          1        6569       36124
          0        5218       53295
          0        7901         291
          1        6970       31581
          1        7961        2071
          1        4124       59243
          0        7495       45275
          0        1313        5059
          0         174       34716
          1        2000       62956
          0         608       17255
          0        6198       52096
          0        8096       20864
          1         825        3038
          1        3010       12910
          1        1703       19869
          1        5121       23766
          0        7537       13253
          1        8140        6670
          0        2732       14013
          1        4111       36974
          0        4544       56579
          0        6127       61286
          0         596       47007
          0         387       29010
          0        5744       13910
          0        2303       42765
          1        6485       10144
          0        4321       16711
          0        1431       30808
          1        2438       19352
          0         222       34614
          1        7882       36178
          1        5102        8189
          1        5647       33816
          1        5474       62069
          0        8009       11313
          1        5532        6424
          0        4985       35482
          0        4720         909
          0        4902       44253
          1        4360       55510
          1        3912       37541
          1        5243        9546
          0        7988       13583
          0        8102       26690
          0        7667       40895
          0        2224       54675
          1         416       53175
          1        7374       24255
          1        5938       52200
          0        2753       55275
          0        1348       11142
          0         644       52369
          0        4179       65054
          0        4282       22515
          0        4854       51558
          1        5197        5460
          1        5256        4311
          1        1228       64487
          1         214       39677
          0        6141       47747
          1        6965       26762
          0        3363       59165
          1        8096        4398
          0        7303        5619
          0        7234       64039
          0         430       44169
          1        1532       39576
          0        3790        1110
          0         617       49562
          0        4087       12603
          1        6606       37396
          1        7285       32696
          0        7052       43084
          1        3310       32479
          0        6020       40251
          0        1199       10757
          1        1786       56226
          0        5307       34363
          0        5992       31454
          0        5900       51073
          1         460       37756
          0        6285       53685
          1        4336       16780
          0          78       43342
          1        4393       18615
          1        6763       10187
          1        7181        3600
          1        1333        2026
          1        2719       23467
          1        5892        7577
          1        4220        8688
          1        2897       19886
          0        6767       10926
          0        7549       39255
          1         788       29168
          0        4051       20817
          1        2013       39056
          1        5444       17625
          0         283       42124
          0        3161       32867
          0        6015         796
          1        4573       61453
          1        2446       32897
          1        2497       63954
          1        2961       43421
          0        5301       58239
          0        1145       52037
          0         250       39016
          1         577       33623
          1        7407        8920
          1        6210       38795
          0        2513       60746
          0        4610       34313
          0        1336       40795
          0        7419         960
          1        6084       10875
          0         984       23666
          0        3985       23143
          0        3504       26768
          1        1231       64856
          1        2989       36041
          1        7973       30712
          1        6074       63329
          0        2622       22809
          1        7837        3908
          1          22       16678
          1        2063       51415
          1        1916       12630
          1        1864       21650
          1        7501        5796
          0        5772       23375
          1        5861        9344
          0        6178       48224
          1        1099       21314
          1        3918       33124
          0        4243        5731
          1        7105       31704
          1        5881        7788
          1        6652       49261
          0        6961       47787
          0         816       62493
          0        2933       11945
          1        7958        7933
          0        2759        3932
          1        4669       30929
          1        6633       31772
          0        2892       25441
          1        3472       51032
          0        2505       34447
          1        6225       58118
          0        4295       49702
          1        1731       42205
          0        4121       26993
          1        1110       46658
          1        1658       64656
          1        5993       50180
          1        5927       21387
          1        6932       16840
          1        1399       61220
          1        5417       54595
          0         236       58222
          1        7920       15659
          0        1080       36895
          1        3866       18412
          1         442        6822
          0        2921       11803
          1        4086       24061
          1         148       25772
          0         131       50236
          1        5857       47844
          0        1011       15859
          1        4603       22541
          1        5422       19253
          1         629       60653
          1        7885       51829
          0        1942       11509
          1        1252         274
          0        6089       25401
          0        5581        4528
          1        7769       46884
          1        7267       54350
          0        5334       29929
          0        1594       50193
          0        5818       28090
          1        2124       30434
          0        1472       17336
          1        1187       53949
          1        3451       13742
          1        2931       62660
          1        3232       48766
          1        2613       32279
          1         642        7256
          0        4913       47716
          0        5975       37806
          1           8       54333
          1        3489         488
          0        2480        2862
          0         862        5080
          0        2158       40843
          0         362       13293
          0        1600       59403
          0        3990        1064
          0        1607       50454
          1        7168       63440
          0        7076       26079
          1        7191       24805
          1         589        4914
          0        1508        1366
          1        1120       29708
          0        6143        4082
          0        3685       32749
          1        7879       61729
          0        3343        4846
          0        7494       33616
          0        1777       55186
          1        6234       34606
          1        7341       64093
          1        6794       19354
          0        4637       56103
          1        7965        5465
          1        6892       45103
          1        2785       39560
          1        7473       52975
          1        4400       42453
          0        5246        3763
          1        7080       46445
          0        6114       30953
          1         801       10677
          1        7532       15159
          1          84       22457
          0        3486       36687
          1        4799       37734
          1        4448        3203
          1        5184        1400
          0        7392       38680
          0        2024       57650
          0        4601       57691
          0        2690       19920
          1        3199       12918
          1         858        6078
          1         792       59137
          0        2997       64903
          0        7932       57176
          1        7042       11405
          1        1332       53168
          0         458       16763
          0         980        9705
          0        1869       57467
          1        3493       63778
          0        4574       47400
          1        1743       14095
          1        5878       35395
          1        7415         779
          0        1024       31014
          0        7507       64238
          0        6873       53497
          1        4923       54684
          1        6412       64936
          0        4527       36706
          1        6210       22160
          0         597        6146
          1        3696        3326
          1        3182       13961
          1        3130       21078
          0        7754        5860
          1        4103       35347
          1        7079       46391
          0        7260        7027
          1        2965        6888
          0        6112       14064
          1        6219        8575
          0        5537       41838
          0        2933       12079
          1        7185       26423
          0        2425        8496
          1        6451       57512
          1        1595       22484
          0        2698       41641
          1        1482       38998
          0        5946       10463
          1        5019       14449
          0        4834       14241
          1        4771       51125
          0        6062       31660
          1         255       10906
          1        7717       48535
          1         388       56146
          1        4391       48389
          0        5585       50272
          1        5290       34718
          0        2903       59626
          0        3500       57276
          0        5587       52943
          0        4573        1766
          0        2502       24184
          1        7555       65534
          1         358       44144
          0        1555        7482
          0        3714       57523
          1        6147       28117
          0        5089       12232
          0        1622       24451
          0        6297       39310
          1        2656       42918
          0        8158       57815
          1        2620       18499
          0        1990       63159
          0        5249       17588
          1        2443       47258
          0        6062       23067
          0        3517       55320
          1        5065       53147
          0        7927       15753
          1        7359       12870
          0        7552       11865
          0        7150       37078
          1        3689        9242
          0        6008       35612
          0        6314        2395
          1        7617       18745
          0        6824       20540
          1        2987       11920
          0        6851        5823
          0        7175       56439
          0        3407       19677
          0        1729       55474
          1         654       36957
          1        3650       60318
          1        1821       12901
          0        4491        2605
          0        6490       39630
          1        4485       24470
          1        3652       64825
          1        4111       51914
          0        6225        5091
          1        1855       58278
          1        6844       21560
          1        3933       23531
          0        3018       53546
          0         532       20463
          0         140       48961
          1         349       56081
          0        5268       20080
          0         163        1007
          1        6179       19883
          0        1692       54359
          1        1869       52282
          0        5724       12543
          1        1183       44236
          1        1568       50421
          0        2478       56907
          1         592        5333
          0        6183       44659
          1        4919       36286
          1        3545       27170
          0        5116        9219
          1        5680       16237
          1         325       54689
          0        2990        5496
          0        7712        9333
          0        5078       52740
          1        1432       23596
          1        6167        9414
          0        6026       14327
          1        5671        8315
          1        1841       15364
          1        6747       51645
          1        2535       54958
          1        3702       39828
          0        7326        7535
          0        8044       57804
          1        3732       47514
          1        5287       63754
          1        6080       22731
          0        2871        9374
          0        6511       46362
          0        8068       28183
          1        8098        2324
          1        2036       49817
          0        4514       33640
          0        6921       16879
          1        6214        3681
          0        4984       29536
          1        6266       32536
          0        7350       54339
          1        6262         103
          1        2690       62546
          0        7730       19869
          1        5599        5055
          1        3473        4341
          0        4621       63241
          0        1220       31173
          1        1018       25741
          0        3425       56950
          1        7841       32732
          1        4282       65080
          1        7922       63184
          1        5605       13939
          1        6559       46173
          0        2047       49149
          1        1396       36137
          1        6949       51214
          0        1174        6620
          0        7850       63733
          1        1860       45877
          0         767       50824
          0        6798       17378
          0        4565       37469
          0        3460       25613
          1        3833       31676
          1        3932       62134
          0        4199       28496
          1         270        8389
          0        5138       51873
          0        3312       41435
          1        4585       42819
          0        3774       30445
          0         143       41420
          1        3750       34448
          0        6993       45192
          1        2499       63251
          1        4045       24044
          1        6805       65104
          0        4566       31436
          1        3056       39743
          1        3087        7244
          0        6368       27984
          0        7102       31129
          1        5131       40310
          1        7763       64853
          0        2309       36099
          1        3886       40660
          0         543       48696
          0        3098       22281
          0        5422       10905
          1        3837       17727
          0        4553       64258
          0         833       55177
          1         896       21883
          1        5501        2808
          0        4746       46284
          0        5065       38800
          1        1388       64977
          0        3411       39929
          1        7703       18060
          1        6060        7414
          0        1278         764
          1        6212       27798
          1        3238        2993
          0        2219       19757
          0        4141       45596
          0        1025       25602
          0        1861       54953
          1        1056       20423
          0         557       46220
          0        3326       30411
          1        6177       55131
          1        7370       24814
          1        2748       28257
          0        3901       12633
          0        6365       61870
          1        6818       37867
          0        4981       52463
          1        1310       12915
          1        7903       33793
          0        2215       34208
          1         798       34116
          0        5172       38329
          1        1441       40368
          1        4271       65294
          0        7927       49834
          0        2063       20011
          1        5887       42389
          1        1337       34768
          1        2574       17705
          1        6927       28833
          0        4491       28804
          1        6459       59549
          1         650       61443
          0        3379       28241
          0        3287       51151
          1        1522       40394
          1        7423       51254
          0        2283       16205
          0        7116       24512
          1        7859       14790
          1        7612       25342
          0        5605       32001
          0        3316       15905
          1        4794       47004
          1        4125       50256
          0        6623       27833
          1        2253       37048
          0        7419       48501
          1        7127       44384
          0        1911       64025
          0        3611       62403
          1         498       53011
          1        6220       23324
          0        6906       41379
          1        3122       10368
          0        7025       28759
          0        7642       46255
          0        1332       19254
          0        6987       15272
          1        4722       14267
          0        5416       59903
          1        1090        5257
          1        4818        7151
          0        1768       53465
          0        1148       33327
          0        2655        2995
          0        7608       41094
          1        1420       61155
          1        6916       55838
          0        4790       55718
          1        3264       65433
          0        2990       12072
          0        6700        4838
          0        1073       23728
          1        1745       46289
          0        6407       60310
          0        7403       28765
          1         588       13049
          0        5958       55251
          1        3974       64818
          0        7443       10135
          1        3039       13575
          1        6715       58047
          1         292       28321
          1        5794       40291
          1        2036       57405
          1        1764       59570
          1        2990        7843
          0        2320        5322
          1         147       45400
          1        6100       15429
          0         668       21139
          1        5796       52627
          0        2964       28401
          1        4437       34315
          1        1755       14568
          0         443       37569
          0         366       25597
          1        1458       19223
          1        3232       23479
          0        2084       47379
          0         522       35408
          0        6026       58228
          1        3896         815
          1        7268       36227
          0        1932       42262
          1        6689       57515
          1        4824       34843
          0        7438       13256
          0        1837       19288
          1        4013       58432
          1        5227       38499
          1        2577       62676
          1           0       57981
          0        1448       58933
          1        1892       24459
          0        6150       64855
          0        6092       35015
          1        3872       60294
          0         400       48435
          1         387       35898
          0        1492       61394
          0        7429       11435
          0        5343       17302
          1        5736       37156
          1        2989       10008
          1        5244       44057
          1        5947       17419
          0        2353       47865
          1        7178       22127
          1         812       15554
          0        6231       49031
          1        6727       63062
          1        3983       26761
          0        4498       63632
          0        1402       18712
          0         331       23574
          1        1950       42356
          0        4940        9966
          0        6998       55404
          1        5230       36816
          0        7976       15640
          0        5485       37695
          1        1489       35912
          1        3513       36439
          1        2433       49595
          1        2762       21349
          0        3548       23825
          0        3682       60473
          1        7976       37504
          1        5709       65083
          1        5437       48967
          1          26       33856
          1        6303       13795
          1        4932       21019
          0          98       13829
          1        5213       38388
          0        5941       42047
          1        7085       19289
          0        3633       54658
          1         453       21527
          0        7130       33353
          1        3215       43718
          1        7640       46483
          1        8020       58151
          0        3053       19346
          1        2111       60463
          0         668       21542
          0        7627       51167
          0        1037       27913
          1        5817       44251
          0        1448       59336
          1        7923       50615
          1        6375       20343
          1        1003       33296
          1        5601       41505
          0        2803       11615
          0        1546       20993
          0        7176       16270
          1        1458       57971
          1         924       39752
          1        2738       46249
          0        1492       44562
          0        5853       22558
          0        5564        9756
          1        5277       29389
          1        6905       45525
          1        5198        5407
          1        2156       64833
          0        6357        3494
          0        7763       57611
          1        6629       37004
          1        2655       30554
          0        6790       18122
          1        4162       35429
          0        2637       39194
          0        7477       37061
          1        8141       51883
          1         249       11151
          1        4805       14232
          1        7882       55838
          1        5251       51990
          0         208       22450
          0        7416       33137
          1        4229       54971
          0        6930       35254
          0        3729        3570
          0        3779       23341
          1        7334       52014
          0        2884       53902
          1         970       32753
          1        6159       10992
          1        6557       64454
          0        7954       26242
          1        7964       18507
          0        3738       31482
          1        2899       23310
          0        3444       21966
          1        3212        4377
          1        6090       35877
          1         635       43084
          0        4915       19085
          0        3028       43630
          1         127       55403
